32    32
       0       0       E                   1
       0       0       S   0.100000000000000
       1       0       E                   1
       1       0       S                   1
       2       0       E   0.100000000000000
       2       0       S   0.100000000000000
       3       0       E   0.100000000000000
       3       0       S                   1
       4       0       E   0.100000000000000
       4       0       S   0.100000000000000
       5       0       E                   1
       5       0       S                   1
       6       0       E                   1
       6       0       S                   1
       7       0       E   0.100000000000000
       7       0       S                   1
       8       0       E                   1
       8       0       S                   1
       9       0       E   0.100000000000000
       9       0       S   0.100000000000000
      10       0       E   0.100000000000000
      10       0       S   0.100000000000000
      11       0       E   0.100000000000000
      11       0       S                   1
      12       0       E                   1
      12       0       S   0.100000000000000
      13       0       E   0.100000000000000
      13       0       S   0.100000000000000
      14       0       E   0.100000000000000
      14       0       S   0.100000000000000
      15       0       E                   1
      15       0       S                   1
      16       0       E                   1
      16       0       S                   1
      17       0       E                   1
      17       0       S   0.100000000000000
      18       0       E   0.100000000000000
      18       0       S                   1
      19       0       E   0.100000000000000
      19       0       S   0.100000000000000
      20       0       E                   1
      20       0       S   0.100000000000000
      21       0       E                   1
      21       0       S   0.100000000000000
      22       0       E   0.100000000000000
      22       0       S                   1
      23       0       E                   1
      23       0       S                   1
      24       0       E                   1
      24       0       S   0.100000000000000
      25       0       E                   1
      25       0       S                   1
      26       0       E   0.100000000000000
      26       0       S   0.100000000000000
      27       0       E   0.100000000000000
      27       0       S                   1
      28       0       E   0.100000000000000
      28       0       S                   1
      29       0       E                   1
      29       0       S                   1
      30       0       E                   1
      30       0       S   0.100000000000000
      31       0       E   0.100000000000000
      31       0       S   0.100000000000000
       0       1       E   0.100000000000000
       0       1       S                   1
       1       1       E                   1
       1       1       S   0.100000000000000
       2       1       E   0.100000000000000
       2       1       S   0.100000000000000
       3       1       E   0.100000000000000
       3       1       S                   1
       4       1       E   0.100000000000000
       4       1       S                   1
       5       1       E                   1
       5       1       S                   1
       6       1       E   0.100000000000000
       6       1       S   0.100000000000000
       7       1       E   0.100000000000000
       7       1       S                   1
       8       1       E                   1
       8       1       S   0.100000000000000
       9       1       E   0.100000000000000
       9       1       S   0.100000000000000
      10       1       E   0.100000000000000
      10       1       S   0.100000000000000
      11       1       E   0.100000000000000
      11       1       S                   1
      12       1       E                   1
      12       1       S                   1
      13       1       E                   1
      13       1       S                   1
      14       1       E   0.100000000000000
      14       1       S                   1
      15       1       E   0.100000000000000
      15       1       S   0.100000000000000
      16       1       E                   1
      16       1       S                   1
      17       1       E                   1
      17       1       S   0.100000000000000
      18       1       E   0.100000000000000
      18       1       S   0.100000000000000
      19       1       E   0.100000000000000
      19       1       S   0.100000000000000
      20       1       E   0.100000000000000
      20       1       S   0.100000000000000
      21       1       E   0.100000000000000
      21       1       S                   1
      22       1       E   0.100000000000000
      22       1       S                   1
      23       1       E                   1
      23       1       S   0.100000000000000
      24       1       E   0.100000000000000
      24       1       S                   1
      25       1       E                   1
      25       1       S   0.100000000000000
      26       1       E   0.100000000000000
      26       1       S                   1
      27       1       E   0.100000000000000
      27       1       S                   1
      28       1       E                   1
      28       1       S   0.100000000000000
      29       1       E                   1
      29       1       S                   1
      30       1       E                   1
      30       1       S                   1
      31       1       E                   1
      31       1       S                   1
       0       2       E   0.100000000000000
       0       2       S   0.100000000000000
       1       2       E   0.100000000000000
       1       2       S   0.100000000000000
       2       2       E   0.100000000000000
       2       2       S   0.100000000000000
       3       2       E                   1
       3       2       S                   1
       4       2       E                   1
       4       2       S                   1
       5       2       E   0.100000000000000
       5       2       S                   1
       6       2       E   0.100000000000000
       6       2       S                   1
       7       2       E   0.100000000000000
       7       2       S   0.100000000000000
       8       2       E                   1
       8       2       S                   1
       9       2       E   0.100000000000000
       9       2       S                   1
      10       2       E                   1
      10       2       S                   1
      11       2       E                   1
      11       2       S                   1
      12       2       E                   1
      12       2       S   0.100000000000000
      13       2       E   0.100000000000000
      13       2       S                   1
      14       2       E                   1
      14       2       S   0.100000000000000
      15       2       E   0.100000000000000
      15       2       S   0.100000000000000
      16       2       E                   1
      16       2       S                   1
      17       2       E                   1
      17       2       S   0.100000000000000
      18       2       E                   1
      18       2       S                   1
      19       2       E                   1
      19       2       S   0.100000000000000
      20       2       E   0.100000000000000
      20       2       S                   1
      21       2       E   0.100000000000000
      21       2       S   0.100000000000000
      22       2       E   0.100000000000000
      22       2       S                   1
      23       2       E                   1
      23       2       S                   1
      24       2       E                   1
      24       2       S                   1
      25       2       E   0.100000000000000
      25       2       S   0.100000000000000
      26       2       E   0.100000000000000
      26       2       S                   1
      27       2       E                   1
      27       2       S   0.100000000000000
      28       2       E   0.100000000000000
      28       2       S                   1
      29       2       E   0.100000000000000
      29       2       S                   1
      30       2       E   0.100000000000000
      30       2       S                   1
      31       2       E   0.100000000000000
      31       2       S                   1
       0       3       E   0.100000000000000
       0       3       S   0.100000000000000
       1       3       E                   1
       1       3       S   0.100000000000000
       2       3       E                   1
       2       3       S                   1
       3       3       E   0.100000000000000
       3       3       S                   1
       4       3       E                   1
       4       3       S                   1
       5       3       E   0.100000000000000
       5       3       S                   1
       6       3       E   0.100000000000000
       6       3       S                   1
       7       3       E                   1
       7       3       S                   1
       8       3       E                   1
       8       3       S                   1
       9       3       E   0.100000000000000
       9       3       S                   1
      10       3       E   0.100000000000000
      10       3       S   0.100000000000000
      11       3       E                   1
      11       3       S                   1
      12       3       E                   1
      12       3       S                   1
      13       3       E   0.100000000000000
      13       3       S                   1
      14       3       E                   1
      14       3       S   0.100000000000000
      15       3       E   0.100000000000000
      15       3       S                   1
      16       3       E   0.100000000000000
      16       3       S   0.100000000000000
      17       3       E   0.100000000000000
      17       3       S   0.100000000000000
      18       3       E                   1
      18       3       S                   1
      19       3       E   0.100000000000000
      19       3       S   0.100000000000000
      20       3       E   0.100000000000000
      20       3       S   0.100000000000000
      21       3       E                   1
      21       3       S   0.100000000000000
      22       3       E                   1
      22       3       S   0.100000000000000
      23       3       E                   1
      23       3       S   0.100000000000000
      24       3       E                   1
      24       3       S   0.100000000000000
      25       3       E   0.100000000000000
      25       3       S                   1
      26       3       E                   1
      26       3       S                   1
      27       3       E   0.100000000000000
      27       3       S                   1
      28       3       E                   1
      28       3       S                   1
      29       3       E                   1
      29       3       S                   1
      30       3       E   0.100000000000000
      30       3       S                   1
      31       3       E                   1
      31       3       S                   1
       0       4       E   0.100000000000000
       0       4       S   0.100000000000000
       1       4       E   0.100000000000000
       1       4       S   0.100000000000000
       2       4       E   0.100000000000000
       2       4       S                   1
       3       4       E   0.100000000000000
       3       4       S                   1
       4       4       E   0.100000000000000
       4       4       S   0.100000000000000
       5       4       E   0.100000000000000
       5       4       S                   1
       6       4       E                   1
       6       4       S   0.100000000000000
       7       4       E   0.100000000000000
       7       4       S                   1
       8       4       E                   1
       8       4       S   0.100000000000000
       9       4       E   0.100000000000000
       9       4       S   0.100000000000000
      10       4       E                   1
      10       4       S   0.100000000000000
      11       4       E                   1
      11       4       S   0.100000000000000
      12       4       E   0.100000000000000
      12       4       S   0.100000000000000
      13       4       E   0.100000000000000
      13       4       S   0.100000000000000
      14       4       E                   1
      14       4       S   0.100000000000000
      15       4       E                   1
      15       4       S                   1
      16       4       E                   1
      16       4       S   0.100000000000000
      17       4       E                   1
      17       4       S                   1
      18       4       E                   1
      18       4       S   0.100000000000000
      19       4       E                   1
      19       4       S   0.100000000000000
      20       4       E   0.100000000000000
      20       4       S                   1
      21       4       E   0.100000000000000
      21       4       S                   1
      22       4       E   0.100000000000000
      22       4       S   0.100000000000000
      23       4       E                   1
      23       4       S   0.100000000000000
      24       4       E   0.100000000000000
      24       4       S   0.100000000000000
      25       4       E                   1
      25       4       S                   1
      26       4       E                   1
      26       4       S                   1
      27       4       E   0.100000000000000
      27       4       S   0.100000000000000
      28       4       E   0.100000000000000
      28       4       S                   1
      29       4       E                   1
      29       4       S                   1
      30       4       E   0.100000000000000
      30       4       S                   1
      31       4       E                   1
      31       4       S   0.100000000000000
       0       5       E   0.100000000000000
       0       5       S                   1
       1       5       E                   1
       1       5       S                   1
       2       5       E                   1
       2       5       S                   1
       3       5       E                   1
       3       5       S   0.100000000000000
       4       5       E                   1
       4       5       S   0.100000000000000
       5       5       E                   1
       5       5       S   0.100000000000000
       6       5       E                   1
       6       5       S                   1
       7       5       E                   1
       7       5       S                   1
       8       5       E                   1
       8       5       S                   1
       9       5       E   0.100000000000000
       9       5       S                   1
      10       5       E                   1
      10       5       S   0.100000000000000
      11       5       E   0.100000000000000
      11       5       S                   1
      12       5       E                   1
      12       5       S                   1
      13       5       E   0.100000000000000
      13       5       S   0.100000000000000
      14       5       E   0.100000000000000
      14       5       S                   1
      15       5       E                   1
      15       5       S   0.100000000000000
      16       5       E                   1
      16       5       S   0.100000000000000
      17       5       E   0.100000000000000
      17       5       S   0.100000000000000
      18       5       E                   1
      18       5       S                   1
      19       5       E                   1
      19       5       S   0.100000000000000
      20       5       E                   1
      20       5       S                   1
      21       5       E                   1
      21       5       S   0.100000000000000
      22       5       E                   1
      22       5       S   0.100000000000000
      23       5       E                   1
      23       5       S   0.100000000000000
      24       5       E   0.100000000000000
      24       5       S   0.100000000000000
      25       5       E   0.100000000000000
      25       5       S   0.100000000000000
      26       5       E   0.100000000000000
      26       5       S   0.100000000000000
      27       5       E                   1
      27       5       S   0.100000000000000
      28       5       E   0.100000000000000
      28       5       S                   1
      29       5       E   0.100000000000000
      29       5       S                   1
      30       5       E   0.100000000000000
      30       5       S   0.100000000000000
      31       5       E   0.100000000000000
      31       5       S   0.100000000000000
       0       6       E                   1
       0       6       S                   1
       1       6       E   0.100000000000000
       1       6       S   0.100000000000000
       2       6       E   0.100000000000000
       2       6       S   0.100000000000000
       3       6       E                   1
       3       6       S   0.100000000000000
       4       6       E   0.100000000000000
       4       6       S                   1
       5       6       E                   1
       5       6       S   0.100000000000000
       6       6       E   0.100000000000000
       6       6       S                   1
       7       6       E   0.100000000000000
       7       6       S                   1
       8       6       E   0.100000000000000
       8       6       S                   1
       9       6       E                   1
       9       6       S                   1
      10       6       E   0.100000000000000
      10       6       S                   1
      11       6       E   0.100000000000000
      11       6       S                   1
      12       6       E   0.100000000000000
      12       6       S   0.100000000000000
      13       6       E                   1
      13       6       S   0.100000000000000
      14       6       E                   1
      14       6       S   0.100000000000000
      15       6       E   0.100000000000000
      15       6       S                   1
      16       6       E                   1
      16       6       S                   1
      17       6       E                   1
      17       6       S                   1
      18       6       E                   1
      18       6       S   0.100000000000000
      19       6       E                   1
      19       6       S   0.100000000000000
      20       6       E                   1
      20       6       S                   1
      21       6       E                   1
      21       6       S   0.100000000000000
      22       6       E   0.100000000000000
      22       6       S                   1
      23       6       E   0.100000000000000
      23       6       S   0.100000000000000
      24       6       E   0.100000000000000
      24       6       S   0.100000000000000
      25       6       E                   1
      25       6       S                   1
      26       6       E                   1
      26       6       S                   1
      27       6       E   0.100000000000000
      27       6       S                   1
      28       6       E   0.100000000000000
      28       6       S   0.100000000000000
      29       6       E   0.100000000000000
      29       6       S   0.100000000000000
      30       6       E                   1
      30       6       S                   1
      31       6       E                   1
      31       6       S   0.100000000000000
       0       7       E                   1
       0       7       S   0.100000000000000
       1       7       E   0.100000000000000
       1       7       S                   1
       2       7       E                   1
       2       7       S   0.100000000000000
       3       7       E                   1
       3       7       S                   1
       4       7       E   0.100000000000000
       4       7       S                   1
       5       7       E                   1
       5       7       S                   1
       6       7       E   0.100000000000000
       6       7       S                   1
       7       7       E   0.100000000000000
       7       7       S   0.100000000000000
       8       7       E                   1
       8       7       S   0.100000000000000
       9       7       E                   1
       9       7       S                   1
      10       7       E                   1
      10       7       S   0.100000000000000
      11       7       E   0.100000000000000
      11       7       S                   1
      12       7       E   0.100000000000000
      12       7       S   0.100000000000000
      13       7       E   0.100000000000000
      13       7       S   0.100000000000000
      14       7       E   0.100000000000000
      14       7       S   0.100000000000000
      15       7       E                   1
      15       7       S                   1
      16       7       E   0.100000000000000
      16       7       S                   1
      17       7       E                   1
      17       7       S   0.100000000000000
      18       7       E                   1
      18       7       S   0.100000000000000
      19       7       E                   1
      19       7       S   0.100000000000000
      20       7       E                   1
      20       7       S   0.100000000000000
      21       7       E                   1
      21       7       S   0.100000000000000
      22       7       E   0.100000000000000
      22       7       S   0.100000000000000
      23       7       E                   1
      23       7       S                   1
      24       7       E                   1
      24       7       S   0.100000000000000
      25       7       E                   1
      25       7       S                   1
      26       7       E                   1
      26       7       S   0.100000000000000
      27       7       E   0.100000000000000
      27       7       S   0.100000000000000
      28       7       E   0.100000000000000
      28       7       S                   1
      29       7       E   0.100000000000000
      29       7       S                   1
      30       7       E                   1
      30       7       S                   1
      31       7       E                   1
      31       7       S                   1
       0       8       E   0.100000000000000
       0       8       S   0.100000000000000
       1       8       E   0.100000000000000
       1       8       S                   1
       2       8       E                   1
       2       8       S   0.100000000000000
       3       8       E                   1
       3       8       S                   1
       4       8       E                   1
       4       8       S                   1
       5       8       E   0.100000000000000
       5       8       S                   1
       6       8       E                   1
       6       8       S                   1
       7       8       E                   1
       7       8       S                   1
       8       8       E   0.100000000000000
       8       8       S                   1
       9       8       E   0.100000000000000
       9       8       S   0.100000000000000
      10       8       E   0.100000000000000
      10       8       S                   1
      11       8       E   0.100000000000000
      11       8       S                   1
      12       8       E   0.100000000000000
      12       8       S                   1
      13       8       E   0.100000000000000
      13       8       S   0.100000000000000
      14       8       E                   1
      14       8       S   0.100000000000000
      15       8       E   0.100000000000000
      15       8       S                   1
      16       8       E                   1
      16       8       S   0.100000000000000
      17       8       E                   1
      17       8       S                   1
      18       8       E                   1
      18       8       S   0.100000000000000
      19       8       E   0.100000000000000
      19       8       S                   1
      20       8       E   0.100000000000000
      20       8       S   0.100000000000000
      21       8       E   0.100000000000000
      21       8       S                   1
      22       8       E   0.100000000000000
      22       8       S                   1
      23       8       E   0.100000000000000
      23       8       S   0.100000000000000
      24       8       E   0.100000000000000
      24       8       S   0.100000000000000
      25       8       E   0.100000000000000
      25       8       S                   1
      26       8       E                   1
      26       8       S   0.100000000000000
      27       8       E                   1
      27       8       S                   1
      28       8       E   0.100000000000000
      28       8       S   0.100000000000000
      29       8       E                   1
      29       8       S                   1
      30       8       E                   1
      30       8       S                   1
      31       8       E                   1
      31       8       S                   1
       0       9       E                   1
       0       9       S                   1
       1       9       E   0.100000000000000
       1       9       S   0.100000000000000
       2       9       E   0.100000000000000
       2       9       S   0.100000000000000
       3       9       E                   1
       3       9       S                   1
       4       9       E                   1
       4       9       S                   1
       5       9       E   0.100000000000000
       5       9       S   0.100000000000000
       6       9       E                   1
       6       9       S   0.100000000000000
       7       9       E                   1
       7       9       S                   1
       8       9       E                   1
       8       9       S                   1
       9       9       E   0.100000000000000
       9       9       S                   1
      10       9       E   0.100000000000000
      10       9       S   0.100000000000000
      11       9       E   0.100000000000000
      11       9       S   0.100000000000000
      12       9       E                   1
      12       9       S   0.100000000000000
      13       9       E                   1
      13       9       S   0.100000000000000
      14       9       E   0.100000000000000
      14       9       S   0.100000000000000
      15       9       E   0.100000000000000
      15       9       S   0.100000000000000
      16       9       E   0.100000000000000
      16       9       S                   1
      17       9       E                   1
      17       9       S   0.100000000000000
      18       9       E                   1
      18       9       S   0.100000000000000
      19       9       E   0.100000000000000
      19       9       S   0.100000000000000
      20       9       E   0.100000000000000
      20       9       S   0.100000000000000
      21       9       E                   1
      21       9       S   0.100000000000000
      22       9       E   0.100000000000000
      22       9       S                   1
      23       9       E   0.100000000000000
      23       9       S   0.100000000000000
      24       9       E   0.100000000000000
      24       9       S   0.100000000000000
      25       9       E   0.100000000000000
      25       9       S   0.100000000000000
      26       9       E                   1
      26       9       S                   1
      27       9       E                   1
      27       9       S                   1
      28       9       E                   1
      28       9       S                   1
      29       9       E   0.100000000000000
      29       9       S                   1
      30       9       E                   1
      30       9       S   0.100000000000000
      31       9       E   0.100000000000000
      31       9       S                   1
       0      10       E                   1
       0      10       S                   1
       1      10       E   0.100000000000000
       1      10       S   0.100000000000000
       2      10       E   0.100000000000000
       2      10       S   0.100000000000000
       3      10       E                   1
       3      10       S                   1
       4      10       E   0.100000000000000
       4      10       S                   1
       5      10       E                   1
       5      10       S   0.100000000000000
       6      10       E   0.100000000000000
       6      10       S                   1
       7      10       E   0.100000000000000
       7      10       S                   1
       8      10       E                   1
       8      10       S   0.100000000000000
       9      10       E   0.100000000000000
       9      10       S                   1
      10      10       E                   1
      10      10       S                   1
      11      10       E                   1
      11      10       S                   1
      12      10       E   0.100000000000000
      12      10       S                   1
      13      10       E   0.100000000000000
      13      10       S   0.100000000000000
      14      10       E   0.100000000000000
      14      10       S   0.100000000000000
      15      10       E   0.100000000000000
      15      10       S                   1
      16      10       E   0.100000000000000
      16      10       S                   1
      17      10       E                   1
      17      10       S                   1
      18      10       E   0.100000000000000
      18      10       S   0.100000000000000
      19      10       E   0.100000000000000
      19      10       S                   1
      20      10       E                   1
      20      10       S                   1
      21      10       E                   1
      21      10       S   0.100000000000000
      22      10       E   0.100000000000000
      22      10       S                   1
      23      10       E                   1
      23      10       S   0.100000000000000
      24      10       E   0.100000000000000
      24      10       S   0.100000000000000
      25      10       E   0.100000000000000
      25      10       S                   1
      26      10       E   0.100000000000000
      26      10       S   0.100000000000000
      27      10       E   0.100000000000000
      27      10       S   0.100000000000000
      28      10       E                   1
      28      10       S   0.100000000000000
      29      10       E                   1
      29      10       S   0.100000000000000
      30      10       E   0.100000000000000
      30      10       S   0.100000000000000
      31      10       E                   1
      31      10       S                   1
       0      11       E                   1
       0      11       S                   1
       1      11       E                   1
       1      11       S                   1
       2      11       E   0.100000000000000
       2      11       S                   1
       3      11       E   0.100000000000000
       3      11       S                   1
       4      11       E   0.100000000000000
       4      11       S   0.100000000000000
       5      11       E                   1
       5      11       S                   1
       6      11       E   0.100000000000000
       6      11       S   0.100000000000000
       7      11       E                   1
       7      11       S   0.100000000000000
       8      11       E   0.100000000000000
       8      11       S                   1
       9      11       E                   1
       9      11       S   0.100000000000000
      10      11       E                   1
      10      11       S                   1
      11      11       E   0.100000000000000
      11      11       S                   1
      12      11       E   0.100000000000000
      12      11       S                   1
      13      11       E   0.100000000000000
      13      11       S                   1
      14      11       E   0.100000000000000
      14      11       S                   1
      15      11       E                   1
      15      11       S                   1
      16      11       E   0.100000000000000
      16      11       S   0.100000000000000
      17      11       E                   1
      17      11       S   0.100000000000000
      18      11       E                   1
      18      11       S                   1
      19      11       E   0.100000000000000
      19      11       S                   1
      20      11       E   0.100000000000000
      20      11       S   0.100000000000000
      21      11       E   0.100000000000000
      21      11       S                   1
      22      11       E                   1
      22      11       S                   1
      23      11       E                   1
      23      11       S   0.100000000000000
      24      11       E   0.100000000000000
      24      11       S   0.100000000000000
      25      11       E   0.100000000000000
      25      11       S                   1
      26      11       E   0.100000000000000
      26      11       S   0.100000000000000
      27      11       E   0.100000000000000
      27      11       S                   1
      28      11       E   0.100000000000000
      28      11       S   0.100000000000000
      29      11       E                   1
      29      11       S                   1
      30      11       E   0.100000000000000
      30      11       S   0.100000000000000
      31      11       E                   1
      31      11       S                   1
       0      12       E                   1
       0      12       S   0.100000000000000
       1      12       E                   1
       1      12       S   0.100000000000000
       2      12       E                   1
       2      12       S                   1
       3      12       E   0.100000000000000
       3      12       S                   1
       4      12       E   0.100000000000000
       4      12       S                   1
       5      12       E   0.100000000000000
       5      12       S                   1
       6      12       E                   1
       6      12       S   0.100000000000000
       7      12       E   0.100000000000000
       7      12       S   0.100000000000000
       8      12       E   0.100000000000000
       8      12       S                   1
       9      12       E   0.100000000000000
       9      12       S   0.100000000000000
      10      12       E                   1
      10      12       S                   1
      11      12       E   0.100000000000000
      11      12       S   0.100000000000000
      12      12       E   0.100000000000000
      12      12       S   0.100000000000000
      13      12       E   0.100000000000000
      13      12       S                   1
      14      12       E   0.100000000000000
      14      12       S                   1
      15      12       E   0.100000000000000
      15      12       S                   1
      16      12       E   0.100000000000000
      16      12       S                   1
      17      12       E                   1
      17      12       S   0.100000000000000
      18      12       E                   1
      18      12       S   0.100000000000000
      19      12       E                   1
      19      12       S                   1
      20      12       E   0.100000000000000
      20      12       S   0.100000000000000
      21      12       E                   1
      21      12       S   0.100000000000000
      22      12       E                   1
      22      12       S                   1
      23      12       E   0.100000000000000
      23      12       S                   1
      24      12       E   0.100000000000000
      24      12       S   0.100000000000000
      25      12       E   0.100000000000000
      25      12       S   0.100000000000000
      26      12       E   0.100000000000000
      26      12       S   0.100000000000000
      27      12       E                   1
      27      12       S                   1
      28      12       E   0.100000000000000
      28      12       S                   1
      29      12       E                   1
      29      12       S   0.100000000000000
      30      12       E   0.100000000000000
      30      12       S                   1
      31      12       E                   1
      31      12       S   0.100000000000000
       0      13       E                   1
       0      13       S                   1
       1      13       E   0.100000000000000
       1      13       S   0.100000000000000
       2      13       E   0.100000000000000
       2      13       S                   1
       3      13       E                   1
       3      13       S   0.100000000000000
       4      13       E   0.100000000000000
       4      13       S                   1
       5      13       E                   1
       5      13       S                   1
       6      13       E                   1
       6      13       S                   1
       7      13       E                   1
       7      13       S   0.100000000000000
       8      13       E                   1
       8      13       S   0.100000000000000
       9      13       E   0.100000000000000
       9      13       S   0.100000000000000
      10      13       E                   1
      10      13       S   0.100000000000000
      11      13       E   0.100000000000000
      11      13       S   0.100000000000000
      12      13       E                   1
      12      13       S   0.100000000000000
      13      13       E   0.100000000000000
      13      13       S                   1
      14      13       E                   1
      14      13       S   0.100000000000000
      15      13       E   0.100000000000000
      15      13       S                   1
      16      13       E                   1
      16      13       S   0.100000000000000
      17      13       E   0.100000000000000
      17      13       S   0.100000000000000
      18      13       E   0.100000000000000
      18      13       S   0.100000000000000
      19      13       E                   1
      19      13       S                   1
      20      13       E   0.100000000000000
      20      13       S   0.100000000000000
      21      13       E                   1
      21      13       S   0.100000000000000
      22      13       E   0.100000000000000
      22      13       S   0.100000000000000
      23      13       E                   1
      23      13       S   0.100000000000000
      24      13       E   0.100000000000000
      24      13       S                   1
      25      13       E   0.100000000000000
      25      13       S                   1
      26      13       E   0.100000000000000
      26      13       S   0.100000000000000
      27      13       E                   1
      27      13       S   0.100000000000000
      28      13       E                   1
      28      13       S                   1
      29      13       E   0.100000000000000
      29      13       S   0.100000000000000
      30      13       E   0.100000000000000
      30      13       S   0.100000000000000
      31      13       E   0.100000000000000
      31      13       S   0.100000000000000
       0      14       E   0.100000000000000
       0      14       S   0.100000000000000
       1      14       E   0.100000000000000
       1      14       S   0.100000000000000
       2      14       E   0.100000000000000
       2      14       S                   1
       3      14       E   0.100000000000000
       3      14       S                   1
       4      14       E   0.100000000000000
       4      14       S   0.100000000000000
       5      14       E                   1
       5      14       S                   1
       6      14       E                   1
       6      14       S   0.100000000000000
       7      14       E   0.100000000000000
       7      14       S   0.100000000000000
       8      14       E   0.100000000000000
       8      14       S                   1
       9      14       E                   1
       9      14       S   0.100000000000000
      10      14       E                   1
      10      14       S   0.100000000000000
      11      14       E   0.100000000000000
      11      14       S                   1
      12      14       E                   1
      12      14       S   0.100000000000000
      13      14       E   0.100000000000000
      13      14       S                   1
      14      14       E                   1
      14      14       S   0.100000000000000
      15      14       E   0.100000000000000
      15      14       S   0.100000000000000
      16      14       E   0.100000000000000
      16      14       S                   1
      17      14       E                   1
      17      14       S                   1
      18      14       E                   1
      18      14       S                   1
      19      14       E                   1
      19      14       S   0.100000000000000
      20      14       E                   1
      20      14       S   0.100000000000000
      21      14       E                   1
      21      14       S   0.100000000000000
      22      14       E                   1
      22      14       S   0.100000000000000
      23      14       E   0.100000000000000
      23      14       S   0.100000000000000
      24      14       E                   1
      24      14       S                   1
      25      14       E   0.100000000000000
      25      14       S   0.100000000000000
      26      14       E   0.100000000000000
      26      14       S   0.100000000000000
      27      14       E                   1
      27      14       S                   1
      28      14       E   0.100000000000000
      28      14       S                   1
      29      14       E                   1
      29      14       S                   1
      30      14       E   0.100000000000000
      30      14       S   0.100000000000000
      31      14       E                   1
      31      14       S                   1
       0      15       E   0.100000000000000
       0      15       S   0.100000000000000
       1      15       E                   1
       1      15       S   0.100000000000000
       2      15       E                   1
       2      15       S   0.100000000000000
       3      15       E                   1
       3      15       S                   1
       4      15       E   0.100000000000000
       4      15       S   0.100000000000000
       5      15       E   0.100000000000000
       5      15       S                   1
       6      15       E   0.100000000000000
       6      15       S   0.100000000000000
       7      15       E                   1
       7      15       S                   1
       8      15       E   0.100000000000000
       8      15       S   0.100000000000000
       9      15       E                   1
       9      15       S   0.100000000000000
      10      15       E   0.100000000000000
      10      15       S                   1
      11      15       E                   1
      11      15       S                   1
      12      15       E   0.100000000000000
      12      15       S   0.100000000000000
      13      15       E                   1
      13      15       S                   1
      14      15       E                   1
      14      15       S   0.100000000000000
      15      15       E   0.100000000000000
      15      15       S                   1
      16      15       E                   1
      16      15       S                   1
      17      15       E   0.100000000000000
      17      15       S   0.100000000000000
      18      15       E                   1
      18      15       S                   1
      19      15       E   0.100000000000000
      19      15       S   0.100000000000000
      20      15       E                   1
      20      15       S                   1
      21      15       E   0.100000000000000
      21      15       S                   1
      22      15       E                   1
      22      15       S   0.100000000000000
      23      15       E                   1
      23      15       S                   1
      24      15       E   0.100000000000000
      24      15       S                   1
      25      15       E   0.100000000000000
      25      15       S                   1
      26      15       E                   1
      26      15       S   0.100000000000000
      27      15       E   0.100000000000000
      27      15       S                   1
      28      15       E                   1
      28      15       S   0.100000000000000
      29      15       E   0.100000000000000
      29      15       S                   1
      30      15       E   0.100000000000000
      30      15       S                   1
      31      15       E   0.100000000000000
      31      15       S                   1
       0      16       E                   1
       0      16       S   0.100000000000000
       1      16       E   0.100000000000000
       1      16       S   0.100000000000000
       2      16       E                   1
       2      16       S                   1
       3      16       E                   1
       3      16       S   0.100000000000000
       4      16       E   0.100000000000000
       4      16       S                   1
       5      16       E   0.100000000000000
       5      16       S   0.100000000000000
       6      16       E   0.100000000000000
       6      16       S                   1
       7      16       E                   1
       7      16       S                   1
       8      16       E   0.100000000000000
       8      16       S   0.100000000000000
       9      16       E                   1
       9      16       S   0.100000000000000
      10      16       E                   1
      10      16       S                   1
      11      16       E   0.100000000000000
      11      16       S                   1
      12      16       E                   1
      12      16       S                   1
      13      16       E                   1
      13      16       S   0.100000000000000
      14      16       E   0.100000000000000
      14      16       S                   1
      15      16       E                   1
      15      16       S                   1
      16      16       E   0.100000000000000
      16      16       S                   1
      17      16       E                   1
      17      16       S                   1
      18      16       E   0.100000000000000
      18      16       S                   1
      19      16       E                   1
      19      16       S                   1
      20      16       E                   1
      20      16       S                   1
      21      16       E                   1
      21      16       S   0.100000000000000
      22      16       E   0.100000000000000
      22      16       S                   1
      23      16       E   0.100000000000000
      23      16       S                   1
      24      16       E   0.100000000000000
      24      16       S   0.100000000000000
      25      16       E   0.100000000000000
      25      16       S                   1
      26      16       E                   1
      26      16       S                   1
      27      16       E                   1
      27      16       S                   1
      28      16       E                   1
      28      16       S   0.100000000000000
      29      16       E                   1
      29      16       S                   1
      30      16       E   0.100000000000000
      30      16       S                   1
      31      16       E                   1
      31      16       S   0.100000000000000
       0      17       E   0.100000000000000
       0      17       S                   1
       1      17       E   0.100000000000000
       1      17       S                   1
       2      17       E   0.100000000000000
       2      17       S   0.100000000000000
       3      17       E   0.100000000000000
       3      17       S                   1
       4      17       E   0.100000000000000
       4      17       S   0.100000000000000
       5      17       E   0.100000000000000
       5      17       S                   1
       6      17       E   0.100000000000000
       6      17       S                   1
       7      17       E                   1
       7      17       S   0.100000000000000
       8      17       E                   1
       8      17       S                   1
       9      17       E                   1
       9      17       S   0.100000000000000
      10      17       E   0.100000000000000
      10      17       S                   1
      11      17       E                   1
      11      17       S                   1
      12      17       E                   1
      12      17       S                   1
      13      17       E   0.100000000000000
      13      17       S                   1
      14      17       E                   1
      14      17       S   0.100000000000000
      15      17       E                   1
      15      17       S   0.100000000000000
      16      17       E   0.100000000000000
      16      17       S   0.100000000000000
      17      17       E                   1
      17      17       S                   1
      18      17       E                   1
      18      17       S   0.100000000000000
      19      17       E   0.100000000000000
      19      17       S                   1
      20      17       E                   1
      20      17       S   0.100000000000000
      21      17       E   0.100000000000000
      21      17       S                   1
      22      17       E   0.100000000000000
      22      17       S   0.100000000000000
      23      17       E   0.100000000000000
      23      17       S                   1
      24      17       E                   1
      24      17       S   0.100000000000000
      25      17       E   0.100000000000000
      25      17       S                   1
      26      17       E   0.100000000000000
      26      17       S                   1
      27      17       E                   1
      27      17       S   0.100000000000000
      28      17       E                   1
      28      17       S   0.100000000000000
      29      17       E                   1
      29      17       S                   1
      30      17       E                   1
      30      17       S   0.100000000000000
      31      17       E                   1
      31      17       S   0.100000000000000
       0      18       E                   1
       0      18       S   0.100000000000000
       1      18       E   0.100000000000000
       1      18       S   0.100000000000000
       2      18       E                   1
       2      18       S                   1
       3      18       E   0.100000000000000
       3      18       S                   1
       4      18       E   0.100000000000000
       4      18       S                   1
       5      18       E   0.100000000000000
       5      18       S                   1
       6      18       E                   1
       6      18       S                   1
       7      18       E                   1
       7      18       S                   1
       8      18       E                   1
       8      18       S                   1
       9      18       E                   1
       9      18       S                   1
      10      18       E                   1
      10      18       S                   1
      11      18       E   0.100000000000000
      11      18       S                   1
      12      18       E   0.100000000000000
      12      18       S                   1
      13      18       E                   1
      13      18       S   0.100000000000000
      14      18       E   0.100000000000000
      14      18       S                   1
      15      18       E                   1
      15      18       S   0.100000000000000
      16      18       E   0.100000000000000
      16      18       S   0.100000000000000
      17      18       E                   1
      17      18       S   0.100000000000000
      18      18       E   0.100000000000000
      18      18       S                   1
      19      18       E                   1
      19      18       S                   1
      20      18       E   0.100000000000000
      20      18       S   0.100000000000000
      21      18       E   0.100000000000000
      21      18       S                   1
      22      18       E                   1
      22      18       S                   1
      23      18       E                   1
      23      18       S                   1
      24      18       E   0.100000000000000
      24      18       S   0.100000000000000
      25      18       E   0.100000000000000
      25      18       S                   1
      26      18       E                   1
      26      18       S                   1
      27      18       E                   1
      27      18       S                   1
      28      18       E                   1
      28      18       S                   1
      29      18       E                   1
      29      18       S                   1
      30      18       E   0.100000000000000
      30      18       S   0.100000000000000
      31      18       E                   1
      31      18       S                   1
       0      19       E                   1
       0      19       S                   1
       1      19       E                   1
       1      19       S                   1
       2      19       E                   1
       2      19       S                   1
       3      19       E                   1
       3      19       S                   1
       4      19       E   0.100000000000000
       4      19       S                   1
       5      19       E   0.100000000000000
       5      19       S                   1
       6      19       E                   1
       6      19       S                   1
       7      19       E   0.100000000000000
       7      19       S   0.100000000000000
       8      19       E   0.100000000000000
       8      19       S                   1
       9      19       E   0.100000000000000
       9      19       S   0.100000000000000
      10      19       E                   1
      10      19       S                   1
      11      19       E                   1
      11      19       S                   1
      12      19       E   0.100000000000000
      12      19       S   0.100000000000000
      13      19       E   0.100000000000000
      13      19       S                   1
      14      19       E                   1
      14      19       S   0.100000000000000
      15      19       E   0.100000000000000
      15      19       S   0.100000000000000
      16      19       E                   1
      16      19       S   0.100000000000000
      17      19       E                   1
      17      19       S   0.100000000000000
      18      19       E                   1
      18      19       S   0.100000000000000
      19      19       E                   1
      19      19       S                   1
      20      19       E   0.100000000000000
      20      19       S   0.100000000000000
      21      19       E   0.100000000000000
      21      19       S                   1
      22      19       E                   1
      22      19       S   0.100000000000000
      23      19       E                   1
      23      19       S                   1
      24      19       E   0.100000000000000
      24      19       S   0.100000000000000
      25      19       E                   1
      25      19       S   0.100000000000000
      26      19       E   0.100000000000000
      26      19       S   0.100000000000000
      27      19       E                   1
      27      19       S   0.100000000000000
      28      19       E   0.100000000000000
      28      19       S                   1
      29      19       E                   1
      29      19       S                   1
      30      19       E                   1
      30      19       S                   1
      31      19       E                   1
      31      19       S                   1
       0      20       E   0.100000000000000
       0      20       S   0.100000000000000
       1      20       E   0.100000000000000
       1      20       S                   1
       2      20       E   0.100000000000000
       2      20       S                   1
       3      20       E                   1
       3      20       S                   1
       4      20       E                   1
       4      20       S   0.100000000000000
       5      20       E                   1
       5      20       S                   1
       6      20       E                   1
       6      20       S                   1
       7      20       E                   1
       7      20       S                   1
       8      20       E   0.100000000000000
       8      20       S                   1
       9      20       E                   1
       9      20       S                   1
      10      20       E   0.100000000000000
      10      20       S   0.100000000000000
      11      20       E                   1
      11      20       S                   1
      12      20       E                   1
      12      20       S   0.100000000000000
      13      20       E                   1
      13      20       S                   1
      14      20       E                   1
      14      20       S   0.100000000000000
      15      20       E                   1
      15      20       S   0.100000000000000
      16      20       E   0.100000000000000
      16      20       S                   1
      17      20       E   0.100000000000000
      17      20       S                   1
      18      20       E   0.100000000000000
      18      20       S                   1
      19      20       E                   1
      19      20       S   0.100000000000000
      20      20       E                   1
      20      20       S   0.100000000000000
      21      20       E                   1
      21      20       S   0.100000000000000
      22      20       E   0.100000000000000
      22      20       S   0.100000000000000
      23      20       E                   1
      23      20       S                   1
      24      20       E                   1
      24      20       S                   1
      25      20       E   0.100000000000000
      25      20       S                   1
      26      20       E                   1
      26      20       S                   1
      27      20       E   0.100000000000000
      27      20       S   0.100000000000000
      28      20       E   0.100000000000000
      28      20       S                   1
      29      20       E                   1
      29      20       S                   1
      30      20       E   0.100000000000000
      30      20       S                   1
      31      20       E                   1
      31      20       S   0.100000000000000
       0      21       E                   1
       0      21       S   0.100000000000000
       1      21       E   0.100000000000000
       1      21       S   0.100000000000000
       2      21       E                   1
       2      21       S                   1
       3      21       E                   1
       3      21       S   0.100000000000000
       4      21       E                   1
       4      21       S                   1
       5      21       E   0.100000000000000
       5      21       S                   1
       6      21       E                   1
       6      21       S   0.100000000000000
       7      21       E                   1
       7      21       S                   1
       8      21       E                   1
       8      21       S   0.100000000000000
       9      21       E   0.100000000000000
       9      21       S                   1
      10      21       E                   1
      10      21       S                   1
      11      21       E                   1
      11      21       S   0.100000000000000
      12      21       E                   1
      12      21       S   0.100000000000000
      13      21       E                   1
      13      21       S                   1
      14      21       E   0.100000000000000
      14      21       S                   1
      15      21       E   0.100000000000000
      15      21       S                   1
      16      21       E                   1
      16      21       S                   1
      17      21       E                   1
      17      21       S                   1
      18      21       E                   1
      18      21       S   0.100000000000000
      19      21       E                   1
      19      21       S   0.100000000000000
      20      21       E                   1
      20      21       S   0.100000000000000
      21      21       E                   1
      21      21       S   0.100000000000000
      22      21       E                   1
      22      21       S   0.100000000000000
      23      21       E                   1
      23      21       S   0.100000000000000
      24      21       E                   1
      24      21       S                   1
      25      21       E   0.100000000000000
      25      21       S                   1
      26      21       E   0.100000000000000
      26      21       S   0.100000000000000
      27      21       E                   1
      27      21       S                   1
      28      21       E                   1
      28      21       S                   1
      29      21       E                   1
      29      21       S   0.100000000000000
      30      21       E                   1
      30      21       S   0.100000000000000
      31      21       E   0.100000000000000
      31      21       S                   1
       0      22       E                   1
       0      22       S                   1
       1      22       E   0.100000000000000
       1      22       S                   1
       2      22       E   0.100000000000000
       2      22       S                   1
       3      22       E   0.100000000000000
       3      22       S                   1
       4      22       E                   1
       4      22       S   0.100000000000000
       5      22       E                   1
       5      22       S                   1
       6      22       E   0.100000000000000
       6      22       S                   1
       7      22       E                   1
       7      22       S   0.100000000000000
       8      22       E   0.100000000000000
       8      22       S                   1
       9      22       E   0.100000000000000
       9      22       S   0.100000000000000
      10      22       E                   1
      10      22       S   0.100000000000000
      11      22       E                   1
      11      22       S   0.100000000000000
      12      22       E                   1
      12      22       S                   1
      13      22       E   0.100000000000000
      13      22       S   0.100000000000000
      14      22       E   0.100000000000000
      14      22       S   0.100000000000000
      15      22       E                   1
      15      22       S   0.100000000000000
      16      22       E                   1
      16      22       S                   1
      17      22       E                   1
      17      22       S                   1
      18      22       E                   1
      18      22       S                   1
      19      22       E                   1
      19      22       S                   1
      20      22       E                   1
      20      22       S   0.100000000000000
      21      22       E   0.100000000000000
      21      22       S   0.100000000000000
      22      22       E   0.100000000000000
      22      22       S                   1
      23      22       E   0.100000000000000
      23      22       S                   1
      24      22       E   0.100000000000000
      24      22       S                   1
      25      22       E                   1
      25      22       S   0.100000000000000
      26      22       E   0.100000000000000
      26      22       S   0.100000000000000
      27      22       E                   1
      27      22       S   0.100000000000000
      28      22       E   0.100000000000000
      28      22       S                   1
      29      22       E                   1
      29      22       S   0.100000000000000
      30      22       E   0.100000000000000
      30      22       S   0.100000000000000
      31      22       E                   1
      31      22       S   0.100000000000000
       0      23       E                   1
       0      23       S   0.100000000000000
       1      23       E   0.100000000000000
       1      23       S                   1
       2      23       E   0.100000000000000
       2      23       S                   1
       3      23       E                   1
       3      23       S   0.100000000000000
       4      23       E                   1
       4      23       S                   1
       5      23       E   0.100000000000000
       5      23       S   0.100000000000000
       6      23       E   0.100000000000000
       6      23       S                   1
       7      23       E                   1
       7      23       S   0.100000000000000
       8      23       E   0.100000000000000
       8      23       S   0.100000000000000
       9      23       E                   1
       9      23       S                   1
      10      23       E                   1
      10      23       S   0.100000000000000
      11      23       E                   1
      11      23       S   0.100000000000000
      12      23       E                   1
      12      23       S                   1
      13      23       E                   1
      13      23       S                   1
      14      23       E                   1
      14      23       S   0.100000000000000
      15      23       E                   1
      15      23       S                   1
      16      23       E                   1
      16      23       S   0.100000000000000
      17      23       E   0.100000000000000
      17      23       S                   1
      18      23       E                   1
      18      23       S                   1
      19      23       E   0.100000000000000
      19      23       S                   1
      20      23       E   0.100000000000000
      20      23       S   0.100000000000000
      21      23       E   0.100000000000000
      21      23       S   0.100000000000000
      22      23       E   0.100000000000000
      22      23       S                   1
      23      23       E                   1
      23      23       S   0.100000000000000
      24      23       E                   1
      24      23       S   0.100000000000000
      25      23       E                   1
      25      23       S                   1
      26      23       E                   1
      26      23       S   0.100000000000000
      27      23       E                   1
      27      23       S   0.100000000000000
      28      23       E   0.100000000000000
      28      23       S                   1
      29      23       E                   1
      29      23       S                   1
      30      23       E   0.100000000000000
      30      23       S                   1
      31      23       E   0.100000000000000
      31      23       S   0.100000000000000
       0      24       E                   1
       0      24       S                   1
       1      24       E   0.100000000000000
       1      24       S                   1
       2      24       E   0.100000000000000
       2      24       S                   1
       3      24       E                   1
       3      24       S                   1
       4      24       E   0.100000000000000
       4      24       S   0.100000000000000
       5      24       E   0.100000000000000
       5      24       S                   1
       6      24       E                   1
       6      24       S                   1
       7      24       E   0.100000000000000
       7      24       S                   1
       8      24       E   0.100000000000000
       8      24       S   0.100000000000000
       9      24       E   0.100000000000000
       9      24       S                   1
      10      24       E                   1
      10      24       S   0.100000000000000
      11      24       E   0.100000000000000
      11      24       S                   1
      12      24       E                   1
      12      24       S   0.100000000000000
      13      24       E   0.100000000000000
      13      24       S                   1
      14      24       E                   1
      14      24       S                   1
      15      24       E                   1
      15      24       S   0.100000000000000
      16      24       E                   1
      16      24       S   0.100000000000000
      17      24       E   0.100000000000000
      17      24       S                   1
      18      24       E   0.100000000000000
      18      24       S   0.100000000000000
      19      24       E   0.100000000000000
      19      24       S   0.100000000000000
      20      24       E                   1
      20      24       S   0.100000000000000
      21      24       E   0.100000000000000
      21      24       S                   1
      22      24       E   0.100000000000000
      22      24       S                   1
      23      24       E                   1
      23      24       S                   1
      24      24       E   0.100000000000000
      24      24       S   0.100000000000000
      25      24       E   0.100000000000000
      25      24       S   0.100000000000000
      26      24       E                   1
      26      24       S                   1
      27      24       E                   1
      27      24       S                   1
      28      24       E                   1
      28      24       S   0.100000000000000
      29      24       E   0.100000000000000
      29      24       S   0.100000000000000
      30      24       E   0.100000000000000
      30      24       S   0.100000000000000
      31      24       E                   1
      31      24       S                   1
       0      25       E                   1
       0      25       S                   1
       1      25       E                   1
       1      25       S   0.100000000000000
       2      25       E                   1
       2      25       S                   1
       3      25       E   0.100000000000000
       3      25       S   0.100000000000000
       4      25       E   0.100000000000000
       4      25       S                   1
       5      25       E                   1
       5      25       S   0.100000000000000
       6      25       E   0.100000000000000
       6      25       S   0.100000000000000
       7      25       E   0.100000000000000
       7      25       S   0.100000000000000
       8      25       E                   1
       8      25       S                   1
       9      25       E   0.100000000000000
       9      25       S                   1
      10      25       E                   1
      10      25       S   0.100000000000000
      11      25       E   0.100000000000000
      11      25       S                   1
      12      25       E                   1
      12      25       S                   1
      13      25       E   0.100000000000000
      13      25       S   0.100000000000000
      14      25       E                   1
      14      25       S                   1
      15      25       E   0.100000000000000
      15      25       S                   1
      16      25       E   0.100000000000000
      16      25       S   0.100000000000000
      17      25       E                   1
      17      25       S   0.100000000000000
      18      25       E                   1
      18      25       S                   1
      19      25       E                   1
      19      25       S                   1
      20      25       E   0.100000000000000
      20      25       S   0.100000000000000
      21      25       E                   1
      21      25       S                   1
      22      25       E                   1
      22      25       S   0.100000000000000
      23      25       E   0.100000000000000
      23      25       S                   1
      24      25       E                   1
      24      25       S                   1
      25      25       E                   1
      25      25       S                   1
      26      25       E                   1
      26      25       S   0.100000000000000
      27      25       E   0.100000000000000
      27      25       S   0.100000000000000
      28      25       E   0.100000000000000
      28      25       S   0.100000000000000
      29      25       E   0.100000000000000
      29      25       S   0.100000000000000
      30      25       E   0.100000000000000
      30      25       S                   1
      31      25       E                   1
      31      25       S   0.100000000000000
       0      26       E                   1
       0      26       S                   1
       1      26       E                   1
       1      26       S                   1
       2      26       E                   1
       2      26       S                   1
       3      26       E   0.100000000000000
       3      26       S                   1
       4      26       E   0.100000000000000
       4      26       S                   1
       5      26       E                   1
       5      26       S   0.100000000000000
       6      26       E                   1
       6      26       S                   1
       7      26       E   0.100000000000000
       7      26       S   0.100000000000000
       8      26       E   0.100000000000000
       8      26       S   0.100000000000000
       9      26       E                   1
       9      26       S                   1
      10      26       E                   1
      10      26       S                   1
      11      26       E   0.100000000000000
      11      26       S                   1
      12      26       E                   1
      12      26       S                   1
      13      26       E                   1
      13      26       S                   1
      14      26       E                   1
      14      26       S   0.100000000000000
      15      26       E   0.100000000000000
      15      26       S   0.100000000000000
      16      26       E   0.100000000000000
      16      26       S                   1
      17      26       E   0.100000000000000
      17      26       S                   1
      18      26       E                   1
      18      26       S                   1
      19      26       E   0.100000000000000
      19      26       S   0.100000000000000
      20      26       E                   1
      20      26       S   0.100000000000000
      21      26       E                   1
      21      26       S                   1
      22      26       E                   1
      22      26       S   0.100000000000000
      23      26       E   0.100000000000000
      23      26       S   0.100000000000000
      24      26       E                   1
      24      26       S   0.100000000000000
      25      26       E                   1
      25      26       S   0.100000000000000
      26      26       E                   1
      26      26       S                   1
      27      26       E                   1
      27      26       S                   1
      28      26       E   0.100000000000000
      28      26       S   0.100000000000000
      29      26       E   0.100000000000000
      29      26       S   0.100000000000000
      30      26       E                   1
      30      26       S                   1
      31      26       E   0.100000000000000
      31      26       S                   1
       0      27       E   0.100000000000000
       0      27       S   0.100000000000000
       1      27       E   0.100000000000000
       1      27       S   0.100000000000000
       2      27       E   0.100000000000000
       2      27       S                   1
       3      27       E   0.100000000000000
       3      27       S                   1
       4      27       E   0.100000000000000
       4      27       S   0.100000000000000
       5      27       E                   1
       5      27       S   0.100000000000000
       6      27       E                   1
       6      27       S   0.100000000000000
       7      27       E                   1
       7      27       S                   1
       8      27       E                   1
       8      27       S   0.100000000000000
       9      27       E   0.100000000000000
       9      27       S                   1
      10      27       E   0.100000000000000
      10      27       S   0.100000000000000
      11      27       E                   1
      11      27       S                   1
      12      27       E                   1
      12      27       S                   1
      13      27       E                   1
      13      27       S   0.100000000000000
      14      27       E                   1
      14      27       S   0.100000000000000
      15      27       E   0.100000000000000
      15      27       S   0.100000000000000
      16      27       E   0.100000000000000
      16      27       S                   1
      17      27       E   0.100000000000000
      17      27       S   0.100000000000000
      18      27       E                   1
      18      27       S   0.100000000000000
      19      27       E                   1
      19      27       S                   1
      20      27       E   0.100000000000000
      20      27       S   0.100000000000000
      21      27       E                   1
      21      27       S                   1
      22      27       E   0.100000000000000
      22      27       S   0.100000000000000
      23      27       E   0.100000000000000
      23      27       S   0.100000000000000
      24      27       E   0.100000000000000
      24      27       S                   1
      25      27       E   0.100000000000000
      25      27       S                   1
      26      27       E   0.100000000000000
      26      27       S   0.100000000000000
      27      27       E   0.100000000000000
      27      27       S                   1
      28      27       E   0.100000000000000
      28      27       S                   1
      29      27       E   0.100000000000000
      29      27       S   0.100000000000000
      30      27       E                   1
      30      27       S   0.100000000000000
      31      27       E   0.100000000000000
      31      27       S   0.100000000000000
       0      28       E   0.100000000000000
       0      28       S                   1
       1      28       E                   1
       1      28       S                   1
       2      28       E                   1
       2      28       S                   1
       3      28       E   0.100000000000000
       3      28       S                   1
       4      28       E                   1
       4      28       S                   1
       5      28       E   0.100000000000000
       5      28       S   0.100000000000000
       6      28       E   0.100000000000000
       6      28       S   0.100000000000000
       7      28       E                   1
       7      28       S   0.100000000000000
       8      28       E   0.100000000000000
       8      28       S   0.100000000000000
       9      28       E   0.100000000000000
       9      28       S   0.100000000000000
      10      28       E   0.100000000000000
      10      28       S   0.100000000000000
      11      28       E   0.100000000000000
      11      28       S   0.100000000000000
      12      28       E                   1
      12      28       S   0.100000000000000
      13      28       E                   1
      13      28       S   0.100000000000000
      14      28       E                   1
      14      28       S                   1
      15      28       E                   1
      15      28       S   0.100000000000000
      16      28       E                   1
      16      28       S   0.100000000000000
      17      28       E                   1
      17      28       S                   1
      18      28       E   0.100000000000000
      18      28       S   0.100000000000000
      19      28       E   0.100000000000000
      19      28       S                   1
      20      28       E                   1
      20      28       S   0.100000000000000
      21      28       E   0.100000000000000
      21      28       S                   1
      22      28       E                   1
      22      28       S                   1
      23      28       E   0.100000000000000
      23      28       S                   1
      24      28       E   0.100000000000000
      24      28       S                   1
      25      28       E                   1
      25      28       S                   1
      26      28       E   0.100000000000000
      26      28       S                   1
      27      28       E                   1
      27      28       S                   1
      28      28       E   0.100000000000000
      28      28       S   0.100000000000000
      29      28       E   0.100000000000000
      29      28       S   0.100000000000000
      30      28       E   0.100000000000000
      30      28       S   0.100000000000000
      31      28       E                   1
      31      28       S   0.100000000000000
       0      29       E                   1
       0      29       S   0.100000000000000
       1      29       E                   1
       1      29       S   0.100000000000000
       2      29       E   0.100000000000000
       2      29       S                   1
       3      29       E                   1
       3      29       S   0.100000000000000
       4      29       E                   1
       4      29       S   0.100000000000000
       5      29       E                   1
       5      29       S                   1
       6      29       E   0.100000000000000
       6      29       S                   1
       7      29       E                   1
       7      29       S                   1
       8      29       E                   1
       8      29       S                   1
       9      29       E                   1
       9      29       S                   1
      10      29       E                   1
      10      29       S   0.100000000000000
      11      29       E   0.100000000000000
      11      29       S   0.100000000000000
      12      29       E   0.100000000000000
      12      29       S   0.100000000000000
      13      29       E   0.100000000000000
      13      29       S   0.100000000000000
      14      29       E   0.100000000000000
      14      29       S                   1
      15      29       E   0.100000000000000
      15      29       S   0.100000000000000
      16      29       E                   1
      16      29       S   0.100000000000000
      17      29       E   0.100000000000000
      17      29       S   0.100000000000000
      18      29       E   0.100000000000000
      18      29       S   0.100000000000000
      19      29       E                   1
      19      29       S                   1
      20      29       E                   1
      20      29       S                   1
      21      29       E                   1
      21      29       S   0.100000000000000
      22      29       E                   1
      22      29       S   0.100000000000000
      23      29       E   0.100000000000000
      23      29       S                   1
      24      29       E   0.100000000000000
      24      29       S   0.100000000000000
      25      29       E   0.100000000000000
      25      29       S                   1
      26      29       E   0.100000000000000
      26      29       S   0.100000000000000
      27      29       E                   1
      27      29       S   0.100000000000000
      28      29       E   0.100000000000000
      28      29       S   0.100000000000000
      29      29       E   0.100000000000000
      29      29       S                   1
      30      29       E                   1
      30      29       S   0.100000000000000
      31      29       E   0.100000000000000
      31      29       S                   1
       0      30       E   0.100000000000000
       0      30       S   0.100000000000000
       1      30       E   0.100000000000000
       1      30       S   0.100000000000000
       2      30       E                   1
       2      30       S                   1
       3      30       E   0.100000000000000
       3      30       S                   1
       4      30       E   0.100000000000000
       4      30       S                   1
       5      30       E   0.100000000000000
       5      30       S   0.100000000000000
       6      30       E   0.100000000000000
       6      30       S                   1
       7      30       E                   1
       7      30       S   0.100000000000000
       8      30       E                   1
       8      30       S   0.100000000000000
       9      30       E                   1
       9      30       S                   1
      10      30       E   0.100000000000000
      10      30       S                   1
      11      30       E   0.100000000000000
      11      30       S   0.100000000000000
      12      30       E                   1
      12      30       S   0.100000000000000
      13      30       E                   1
      13      30       S   0.100000000000000
      14      30       E                   1
      14      30       S   0.100000000000000
      15      30       E   0.100000000000000
      15      30       S   0.100000000000000
      16      30       E   0.100000000000000
      16      30       S   0.100000000000000
      17      30       E   0.100000000000000
      17      30       S   0.100000000000000
      18      30       E                   1
      18      30       S                   1
      19      30       E                   1
      19      30       S   0.100000000000000
      20      30       E                   1
      20      30       S                   1
      21      30       E                   1
      21      30       S                   1
      22      30       E                   1
      22      30       S   0.100000000000000
      23      30       E                   1
      23      30       S   0.100000000000000
      24      30       E                   1
      24      30       S                   1
      25      30       E   0.100000000000000
      25      30       S                   1
      26      30       E                   1
      26      30       S                   1
      27      30       E   0.100000000000000
      27      30       S                   1
      28      30       E   0.100000000000000
      28      30       S                   1
      29      30       E   0.100000000000000
      29      30       S                   1
      30      30       E   0.100000000000000
      30      30       S                   1
      31      30       E   0.100000000000000
      31      30       S   0.100000000000000
       0      31       E                   1
       0      31       S   0.100000000000000
       1      31       E   0.100000000000000
       1      31       S                   1
       2      31       E                   1
       2      31       S                   1
       3      31       E   0.100000000000000
       3      31       S   0.100000000000000
       4      31       E   0.100000000000000
       4      31       S                   1
       5      31       E                   1
       5      31       S                   1
       6      31       E   0.100000000000000
       6      31       S                   1
       7      31       E                   1
       7      31       S   0.100000000000000
       8      31       E                   1
       8      31       S                   1
       9      31       E                   1
       9      31       S   0.100000000000000
      10      31       E   0.100000000000000
      10      31       S   0.100000000000000
      11      31       E                   1
      11      31       S                   1
      12      31       E   0.100000000000000
      12      31       S                   1
      13      31       E                   1
      13      31       S                   1
      14      31       E                   1
      14      31       S   0.100000000000000
      15      31       E   0.100000000000000
      15      31       S   0.100000000000000
      16      31       E   0.100000000000000
      16      31       S   0.100000000000000
      17      31       E                   1
      17      31       S   0.100000000000000
      18      31       E   0.100000000000000
      18      31       S                   1
      19      31       E   0.100000000000000
      19      31       S   0.100000000000000
      20      31       E   0.100000000000000
      20      31       S                   1
      21      31       E                   1
      21      31       S   0.100000000000000
      22      31       E                   1
      22      31       S   0.100000000000000
      23      31       E   0.100000000000000
      23      31       S   0.100000000000000
      24      31       E                   1
      24      31       S   0.100000000000000
      25      31       E   0.100000000000000
      25      31       S   0.100000000000000
      26      31       E                   1
      26      31       S                   1
      27      31       E   0.100000000000000
      27      31       S                   1
      28      31       E   0.100000000000000
      28      31       S   0.100000000000000
      29      31       E   0.100000000000000
      29      31       S                   1
      30      31       E   0.100000000000000
      30      31       S   0.100000000000000
      31      31       E   0.100000000000000
      31      31       S                   1
